当前日期: 2021/06/24 周四 
输入新日期: (年月日) 
当前时间: 15:06:33.96
输入新时间: 

整型数据(正态分布)
	冒泡排序	选择排序	快速排序
1024	0.000000	0.001000	0.001000	冒泡排序: 正确	选择排序: 正确	快速排序: 正确
2048	0.007000	0.004000	0.000000	冒泡排序: 正确	选择排序: 正确	快速排序: 正确
4096	0.029000	0.018000	0.001000	冒泡排序: 正确	选择排序: 正确	快速排序: 正确
8192	0.143000	0.072000	0.004000	冒泡排序: 正确	选择排序: 正确	快速排序: 正确
16384	0.655000	0.276000	0.012000	冒泡排序: 正确	选择排序: 正确	快速排序: 正确
32768	2.746000	1.090000	0.049000	冒泡排序: 正确	选择排序: 正确	快速排序: 正确
65536	11.415000	4.349000	0.182000	冒泡排序: 正确	选择排序: 正确	快速排序: 正确

整型数据(均匀分布)
	冒泡排序	选择排序	快速排序
1024	0.001000	0.001000	0.001000	冒泡排序: 正确	选择排序: 正确	快速排序: 正确
2048	0.006000	0.005000	0.000000	冒泡排序: 正确	选择排序: 正确	快速排序: 正确
4096	0.029000	0.018000	0.000000	冒泡排序: 正确	选择排序: 正确	快速排序: 正确
8192	0.143000	0.072000	0.002000	冒泡排序: 正确	选择排序: 正确	快速排序: 正确
16384	0.647000	0.274000	0.007000	冒泡排序: 正确	选择排序: 正确	快速排序: 正确
32768	2.756000	1.091000	0.031000	冒泡排序: 正确	选择排序: 正确	快速排序: 正确
65536	11.536000	4.357000	0.113000	冒泡排序: 正确	选择排序: 正确	快速排序: 正确

整型数据(完全顺序)
	冒泡排序	选择排序	快速排序
1024	0.001000	0.002000	0.001000	冒泡排序: 正确	选择排序: 正确	快速排序: 正确
2048	0.004000	0.004000	0.006000	冒泡排序: 正确	选择排序: 正确	快速排序: 正确
4096	0.016000	0.019000	0.019000	冒泡排序: 正确	选择排序: 正确	快速排序: 正确
8192	0.066000	0.071000	0.079000	冒泡排序: 正确	选择排序: 正确	快速排序: 正确
16384	0.296000	0.276000	0.304000	冒泡排序: 正确	选择排序: 正确	快速排序: 正确
32768	1.206000	1.119000	1.225000	冒泡排序: 正确	选择排序: 正确	快速排序: 正确
65536	4.885000	4.359000		冒泡排序: 正确	选择排序: 正确	快速排序：由于递归层次太深，可能导致栈溢出，故跳过。

整型数据(完全逆序)
	冒泡排序	选择排序	快速排序
1024	0.002000	0.001000	0.001000	冒泡排序: 正确	选择排序: 正确	快速排序: 正确
2048	0.008000	0.003000	0.005000	冒泡排序: 正确	选择排序: 正确	快速排序: 正确
4096	0.028000	0.016000	0.019000	冒泡排序: 正确	选择排序: 正确	快速排序: 正确
8192	0.117000	0.063000	0.074000	冒泡排序: 正确	选择排序: 正确	快速排序: 正确
16384	0.466000	0.248000	0.297000	冒泡排序: 正确	选择排序: 正确	快速排序: 正确
32768	1.873000	0.987000	1.151000	冒泡排序: 正确	选择排序: 正确	快速排序: 正确
65536	7.493000	3.955000		冒泡排序: 正确	选择排序: 正确	快速排序：由于递归层次太深，可能导致栈溢出，故跳过。

双精度浮点型数据(正态分布)
	冒泡排序	选择排序	快速排序
1024	0.003000	0.001000	0.001000	冒泡排序: 正确	选择排序: 正确	快速排序: 正确
2048	0.012000	0.005000	0.000000	冒泡排序: 正确	选择排序: 正确	快速排序: 正确
4096	0.051000	0.017000	0.000000	冒泡排序: 正确	选择排序: 正确	快速排序: 正确
8192	0.212000	0.066000	0.001000	冒泡排序: 正确	选择排序: 正确	快速排序: 正确
16384	0.847000	0.261000	0.002000	冒泡排序: 正确	选择排序: 正确	快速排序: 正确
32768	3.391000	1.054000	0.004000	冒泡排序: 正确	选择排序: 正确	快速排序: 正确
65536	13.596000	4.199000	0.009000	冒泡排序: 正确	选择排序: 正确	快速排序: 正确

双精度浮点型数据(均匀分布)
	冒泡排序	选择排序	快速排序
1024	0.003000	0.002000	0.000000	冒泡排序: 正确	选择排序: 正确	快速排序: 正确
2048	0.012000	0.004000	0.001000	冒泡排序: 正确	选择排序: 正确	快速排序: 正确
4096	0.052000	0.017000	0.000000	冒泡排序: 正确	选择排序: 正确	快速排序: 正确
8192	0.208000	0.064000	0.001000	冒泡排序: 正确	选择排序: 正确	快速排序: 正确
16384	0.874000	0.262000	0.002000	冒泡排序: 正确	选择排序: 正确	快速排序: 正确
32768	3.400000	1.052000	0.004000	冒泡排序: 正确	选择排序: 正确	快速排序: 正确
65536	13.615000	4.198000	0.008000	冒泡排序: 正确	选择排序: 正确	快速排序: 正确

双精度浮点型数据(完全顺序)
	冒泡排序	选择排序	快速排序
1024	0.001000	0.001000	0.001000	冒泡排序: 正确	选择排序: 正确	快速排序: 正确
2048	0.005000	0.004000	0.005000	冒泡排序: 正确	选择排序: 正确	快速排序: 正确
4096	0.018000	0.016000	0.016000	冒泡排序: 正确	选择排序: 正确	快速排序: 正确
8192	0.073000	0.066000	0.065000	冒泡排序: 正确	选择排序: 正确	快速排序: 正确
16384	0.296000	0.262000	0.265000	冒泡排序: 正确	选择排序: 正确	快速排序: 正确
32768	1.182000	1.057000	1.043000	冒泡排序: 正确	选择排序: 正确	快速排序: 正确
65536	4.773000	4.214000		冒泡排序: 正确	选择排序: 正确	快速排序：由于递归层次太深，可能导致栈溢出，故跳过。

双精度浮点型数据(完全逆序)
	冒泡排序	选择排序	快速排序
1024	0.002000	0.001000	0.001000	冒泡排序: 正确	选择排序: 正确	快速排序: 正确
2048	0.009000	0.004000	0.003000	冒泡排序: 正确	选择排序: 正确	快速排序: 正确
4096	0.034000	0.016000	0.016000	冒泡排序: 正确	选择排序: 正确	快速排序: 正确
8192	0.134000	0.065000	0.061000	冒泡排序: 正确	选择排序: 正确	快速排序: 正确
16384	0.537000	0.260000	0.247000	冒泡排序: 正确	选择排序: 正确	快速排序: 正确
32768	2.140000	1.043000	0.998000	冒泡排序: 正确	选择排序: 正确	快速排序: 正确
65536	8.610000	4.170000		冒泡排序: 正确	选择排序: 正确	快速排序：由于递归层次太深，可能导致栈溢出，故跳过。

结构体(Score)类型数据 (正态分布)
1024	0.004000	冒泡排序: 正确
	输出部分数据（即总分前若干名的数据）
	 学 号  总分 语 数 外 理 化
	00000861 402 87 79 81 83 72
	00000206 401 87 70 86 81 77
	00000130 397 75 83 81 72 86
	00000177 397 84 87 79 80 67
	00000725 397 68 92 79 79 79
	00000115 395 86 78 72 78 81
	00000332 395 75 80 90 70 80
	00000508 395 80 76 77 77 85
	00000586 395 81 78 86 92 58
	00000927 395 89 73 76 84 73
1024	0.001000	选择排序: 正确
	输出部分数据（即总分前若干名的数据）
	 学 号  总分 语 数 外 理 化
	00000861 402 87 79 81 83 72
	00000206 401 87 70 86 81 77
	00000130 397 75 83 81 72 86
	00000177 397 84 87 79 80 67
	00000725 397 68 92 79 79 79
	00000115 395 86 78 72 78 81
	00000332 395 75 80 90 70 80
	00000508 395 80 76 77 77 85
	00000586 395 81 78 86 92 58
	00000927 395 89 73 76 84 73
1024	0.001000	快速排序: 正确
	输出部分数据（即总分前若干名的数据）
	 学 号  总分 语 数 外 理 化
	00000861 402 87 79 81 83 72
	00000206 401 87 70 86 81 77
	00000177 397 84 87 79 80 67
	00000130 397 75 83 81 72 86
	00000725 397 68 92 79 79 79
	00000508 395 80 76 77 77 85
	00000586 395 81 78 86 92 58
	00000927 395 89 73 76 84 73
	00000115 395 86 78 72 78 81
	00000332 395 75 80 90 70 80
2048	0.014000	冒泡排序: 正确
	输出部分数据（即总分前若干名的数据）
	 学 号  总分 语 数 外 理 化
	00000180 404 77 90 75 79 83
	00001478 402 87 80 82 73 80
	00001280 400 82 71 89 78 80
	00001243 397 77 86 77 75 82
	00001136 396 82 80 78 75 81
	00001023 395 74 84 75 78 84
	00001793 394 81 78 72 85 78
	00000164 393 77 88 72 75 81
	00000312 393 81 70 87 70 85
	00000996 393 83 72 77 81 80
2048	0.005000	选择排序: 正确
	输出部分数据（即总分前若干名的数据）
	 学 号  总分 语 数 外 理 化
	00000180 404 77 90 75 79 83
	00001478 402 87 80 82 73 80
	00001280 400 82 71 89 78 80
	00001243 397 77 86 77 75 82
	00001136 396 82 80 78 75 81
	00001023 395 74 84 75 78 84
	00001793 394 81 78 72 85 78
	00000164 393 77 88 72 75 81
	00000312 393 81 70 87 70 85
	00000996 393 83 72 77 81 80
2048	0.000000	快速排序: 正确
	输出部分数据（即总分前若干名的数据）
	 学 号  总分 语 数 外 理 化
	00000180 404 77 90 75 79 83
	00001478 402 87 80 82 73 80
	00001280 400 82 71 89 78 80
	00001243 397 77 86 77 75 82
	00001136 396 82 80 78 75 81
	00001023 395 74 84 75 78 84
	00001793 394 81 78 72 85 78
	00000312 393 81 70 87 70 85
	00000996 393 83 72 77 81 80
	00000164 393 77 88 72 75 81
4096	0.064000	冒泡排序: 正确
	输出部分数据（即总分前若干名的数据）
	 学 号  总分 语 数 外 理 化
	00002169 405 79 77 75 90 84
	00000597 401 82 75 78 76 90
	00001917 401 87 77 74 85 78
	00000558 399 72 88 82 83 74
	00000712 398 80 76 76 77 89
	00000770 398 84 72 86 81 75
	00001081 398 71 81 76 87 83
	00001221 398 75 74 82 80 87
	00000183 397 68 77 86 84 82
	00002333 397 76 90 75 75 81
4096	0.018000	选择排序: 正确
	输出部分数据（即总分前若干名的数据）
	 学 号  总分 语 数 外 理 化
	00002169 405 79 77 75 90 84
	00000597 401 82 75 78 76 90
	00001917 401 87 77 74 85 78
	00000558 399 72 88 82 83 74
	00000712 398 80 76 76 77 89
	00000770 398 84 72 86 81 75
	00001081 398 71 81 76 87 83
	00001221 398 75 74 82 80 87
	00000183 397 68 77 86 84 82
	00002333 397 76 90 75 75 81
4096	0.001000	快速排序: 正确
	输出部分数据（即总分前若干名的数据）
	 学 号  总分 语 数 外 理 化
	00002169 405 79 77 75 90 84
	00001917 401 87 77 74 85 78
	00000597 401 82 75 78 76 90
	00000558 399 72 88 82 83 74
	00000770 398 84 72 86 81 75
	00001221 398 75 74 82 80 87
	00001081 398 71 81 76 87 83
	00000712 398 80 76 76 77 89
	00000183 397 68 77 86 84 82
	00002911 397 79 77 76 85 80
8192	0.280000	冒泡排序: 正确
	输出部分数据（即总分前若干名的数据）
	 学 号  总分 语 数 外 理 化
	00006277 408 78 78 75 87 90
	00001492 406 79 88 73 75 91
	00001234 405 89 88 76 78 74
	00005603 404 75 77 79 88 85
	00003762 403 87 78 80 77 81
	00007613 403 84 85 77 85 72
	00000561 402 79 80 82 83 78
	00002327 402 75 87 82 82 76
	00004311 401 79 76 78 80 88
	00002101 400 84 80 85 80 71
8192	0.073000	选择排序: 正确
	输出部分数据（即总分前若干名的数据）
	 学 号  总分 语 数 外 理 化
	00006277 408 78 78 75 87 90
	00001492 406 79 88 73 75 91
	00001234 405 89 88 76 78 74
	00005603 404 75 77 79 88 85
	00003762 403 87 78 80 77 81
	00007613 403 84 85 77 85 72
	00000561 402 79 80 82 83 78
	00002327 402 75 87 82 82 76
	00004311 401 79 76 78 80 88
	00002101 400 84 80 85 80 71
8192	0.003000	快速排序: 正确
	输出部分数据（即总分前若干名的数据）
	 学 号  总分 语 数 外 理 化
	00006277 408 78 78 75 87 90
	00001492 406 79 88 73 75 91
	00001234 405 89 88 76 78 74
	00005603 404 75 77 79 88 85
	00003762 403 87 78 80 77 81
	00007613 403 84 85 77 85 72
	00000561 402 79 80 82 83 78
	00002327 402 75 87 82 82 76
	00004311 401 79 76 78 80 88
	00003051 400 73 89 74 86 78
16384	1.187000	冒泡排序: 正确
	输出部分数据（即总分前若干名的数据）
	 学 号  总分 语 数 外 理 化
	00003100 411 78 88 77 96 72
	00014360 411 82 87 78 77 87
	00007087 408 87 85 74 78 84
	00007587 407 86 82 85 79 75
	00004835 406 81 73 75 90 87
	00009940 406 83 92 88 70 73
	00000029 405 84 78 74 84 85
	00001586 404 77 83 79 82 83
	00009731 404 83 80 74 87 80
	00011892 403 79 79 79 82 84
16384	0.291000	选择排序: 正确
	输出部分数据（即总分前若干名的数据）
	 学 号  总分 语 数 外 理 化
	00003100 411 78 88 77 96 72
	00014360 411 82 87 78 77 87
	00007087 408 87 85 74 78 84
	00007587 407 86 82 85 79 75
	00004835 406 81 73 75 90 87
	00009940 406 83 92 88 70 73
	00000029 405 84 78 74 84 85
	00001586 404 77 83 79 82 83
	00009731 404 83 80 74 87 80
	00011892 403 79 79 79 82 84
16384	0.006000	快速排序: 正确
	输出部分数据（即总分前若干名的数据）
	 学 号  总分 语 数 外 理 化
	00014360 411 82 87 78 77 87
	00003100 411 78 88 77 96 72
	00007087 408 87 85 74 78 84
	00007587 407 86 82 85 79 75
	00009940 406 83 92 88 70 73
	00004835 406 81 73 75 90 87
	00000029 405 84 78 74 84 85
	00009731 404 83 80 74 87 80
	00001586 404 77 83 79 82 83
	00014201 403 79 89 92 72 71
32768	4.967000	冒泡排序: 正确
	输出部分数据（即总分前若干名的数据）
	 学 号  总分 语 数 外 理 化
	00021954 419 85 79 83 88 84
	00018079 411 81 89 79 83 79
	00021750 411 83 83 76 84 85
	00018011 410 86 85 83 76 80
	00022722 410 71 85 77 88 89
	00001203 409 91 78 72 85 83
	00020105 409 89 81 86 77 76
	00022926 409 75 83 84 82 85
	00020945 408 81 84 78 91 74
	00024190 408 65 73 92 84 94
32768	1.163000	选择排序: 正确
	输出部分数据（即总分前若干名的数据）
	 学 号  总分 语 数 外 理 化
	00021954 419 85 79 83 88 84
	00018079 411 81 89 79 83 79
	00021750 411 83 83 76 84 85
	00018011 410 86 85 83 76 80
	00022722 410 71 85 77 88 89
	00001203 409 91 78 72 85 83
	00020105 409 89 81 86 77 76
	00022926 409 75 83 84 82 85
	00020945 408 81 84 78 91 74
	00024190 408 65 73 92 84 94
32768	0.024000	快速排序: 正确
	输出部分数据（即总分前若干名的数据）
	 学 号  总分 语 数 外 理 化
	00021954 419 85 79 83 88 84
	00018079 411 81 89 79 83 79
	00021750 411 83 83 76 84 85
	00018011 410 86 85 83 76 80
	00022722 410 71 85 77 88 89
	00020105 409 89 81 86 77 76
	00001203 409 91 78 72 85 83
	00022926 409 75 83 84 82 85
	00024190 408 65 73 92 84 94
	00020945 408 81 84 78 91 74
65536	20.022000	冒泡排序: 正确
	输出部分数据（即总分前若干名的数据）
	 学 号  总分 语 数 外 理 化
	00039527 418 95 75 74 90 84
	00050576 417 82 80 81 81 93
	00011293 416 79 83 87 85 82
	00051656 416 85 85 79 82 85
	00006073 414 86 78 78 90 82
	00056763 413 88 78 75 78 94
	00013920 412 90 67 85 88 82
	00018505 411 89 79 72 85 86
	00040204 411 82 82 88 83 76
	00001315 410 82 81 79 86 82
65536	4.656000	选择排序: 正确
	输出部分数据（即总分前若干名的数据）
	 学 号  总分 语 数 外 理 化
	00039527 418 95 75 74 90 84
	00050576 417 82 80 81 81 93
	00011293 416 79 83 87 85 82
	00051656 416 85 85 79 82 85
	00006073 414 86 78 78 90 82
	00056763 413 88 78 75 78 94
	00013920 412 90 67 85 88 82
	00018505 411 89 79 72 85 86
	00040204 411 82 82 88 83 76
	00001315 410 82 81 79 86 82
65536	0.085000	快速排序: 正确
	输出部分数据（即总分前若干名的数据）
	 学 号  总分 语 数 外 理 化
	00039527 418 95 75 74 90 84
	00050576 417 82 80 81 81 93
	00011293 416 79 83 87 85 82
	00051656 416 85 85 79 82 85
	00006073 414 86 78 78 90 82
	00056763 413 88 78 75 78 94
	00013920 412 90 67 85 88 82
	00040204 411 82 82 88 83 76
	00018505 411 89 79 72 85 86
	00001315 410 82 81 79 86 82

	*** 多种不同存储方式的C-字符串数组的排序 ***

原始数据:  enter, number, size, begin, of, cat, case, program, certain, a, cake, side
请完成函数 BubbleA 的定义，执行排序操作。
排序结果:  enter, number, size, begin, of, cat, case, program, certain, a, cake, side

原始数据:  enter, number, size, begin, of, cat, case, program, certain, an, cake, side
请完成函数 BubbleB 的定义，执行排序操作。
排序结果:  enter, number, size, begin, of, cat, case, program, certain, an, cake, side

原始数据:  enter, number, size, begin, of, cat, case, program, certain, a, cake, side
请完成函数 BubbleB 的定义，执行排序操作。
排序结果:  enter, number, size, begin, of, cat, case, program, certain, a, cake, side

原始数据:  enter, number, size, begin, of, cat, case, program, certain, an, cake, side
请完成函数 BubbleB 的定义，执行排序操作。
排序结果:  enter, number, size, begin, of, cat, case, program, certain, an, cake, side
当前时间: 15:09:39.39
输入新时间: 

整型数据(正态分布)
	冒泡排序	选择排序	快速排序
1024	0.000000	0.002000	0.000000	冒泡排序: 正确	选择排序: 正确	快速排序: 正确
2048	0.006000	0.004000	0.001000	冒泡排序: 正确	选择排序: 正确	快速排序: 正确
4096	0.028000	0.018000	0.001000	冒泡排序: 正确	选择排序: 正确	快速排序: 正确
8192	0.141000	0.071000	0.004000	冒泡排序: 正确	选择排序: 正确	快速排序: 正确
16384	0.643000	0.279000	0.014000	冒泡排序: 正确	选择排序: 正确	快速排序: 正确
32768	2.759000	1.092000	0.047000	冒泡排序: 正确	选择排序: 正确	快速排序: 正确
65536	11.411000	4.363000	0.174000	冒泡排序: 正确	选择排序: 正确	快速排序: 正确

整型数据(均匀分布)
	冒泡排序	选择排序	快速排序
1024	0.002000	0.001000	0.000000	冒泡排序: 正确	选择排序: 正确	快速排序: 正确
2048	0.006000	0.005000	0.000000	冒泡排序: 正确	选择排序: 正确	快速排序: 正确
4096	0.028000	0.019000	0.000000	冒泡排序: 正确	选择排序: 正确	快速排序: 正确
8192	0.144000	0.072000	0.002000	冒泡排序: 正确	选择排序: 正确	快速排序: 正确
16384	0.657000	0.276000	0.007000	冒泡排序: 正确	选择排序: 正确	快速排序: 正确
32768	2.758000	1.093000	0.030000	冒泡排序: 正确	选择排序: 正确	快速排序: 正确
65536	11.536000	4.357000	0.112000	冒泡排序: 正确	选择排序: 正确	快速排序: 正确

整型数据(完全顺序)
	冒泡排序	选择排序	快速排序
1024	0.001000	0.001000	0.001000	冒泡排序: 正确	选择排序: 正确	快速排序: 正确
2048	0.004000	0.006000	0.005000	冒泡排序: 正确	选择排序: 正确	快速排序: 正确
4096	0.017000	0.018000	0.020000	冒泡排序: 正确	选择排序: 正确	快速排序: 正确
8192	0.064000	0.071000	0.079000	冒泡排序: 正确	选择排序: 正确	快速排序: 正确
16384	0.294000	0.277000	0.304000	冒泡排序: 正确	选择排序: 正确	快速排序: 正确
32768	1.208000	1.089000	1.190000	冒泡排序: 正确	选择排序: 正确	快速排序: 正确
65536	4.852000	4.666000		冒泡排序: 正确	选择排序: 正确	快速排序：由于递归层次太深，可能导致栈溢出，故跳过。

整型数据(完全逆序)
	冒泡排序	选择排序	快速排序
1024	0.002000	0.000000	0.002000	冒泡排序: 正确	选择排序: 正确	快速排序: 正确
2048	0.008000	0.003000	0.005000	冒泡排序: 正确	选择排序: 正确	快速排序: 正确
4096	0.030000	0.016000	0.019000	冒泡排序: 正确	选择排序: 正确	快速排序: 正确
8192	0.118000	0.064000	0.074000	冒泡排序: 正确	选择排序: 正确	快速排序: 正确
16384	0.468000	0.253000	0.297000	冒泡排序: 正确	选择排序: 正确	快速排序: 正确
32768	1.882000	0.996000	1.147000	冒泡排序: 正确	选择排序: 正确	快速排序: 正确
65536	7.557000	3.983000		冒泡排序: 正确	选择排序: 正确	快速排序：由于递归层次太深，可能导致栈溢出，故跳过。

双精度浮点型数据(正态分布)
	冒泡排序	选择排序	快速排序
1024	0.003000	0.001000	0.000000	冒泡排序: 正确	选择排序: 正确	快速排序: 正确
2048	0.014000	0.004000	0.000000	冒泡排序: 正确	选择排序: 正确	快速排序: 正确
4096	0.051000	0.017000	0.000000	冒泡排序: 正确	选择排序: 正确	快速排序: 正确
8192	0.210000	0.067000	0.001000	冒泡排序: 正确	选择排序: 正确	快速排序: 正确
16384	0.852000	0.270000	0.002000	冒泡排序: 正确	选择排序: 正确	快速排序: 正确
32768	3.424000	1.060000	0.004000	冒泡排序: 正确	选择排序: 正确	快速排序: 正确
65536	13.728000	4.280000	0.009000	冒泡排序: 正确	选择排序: 正确	快速排序: 正确

双精度浮点型数据(均匀分布)
	冒泡排序	选择排序	快速排序
1024	0.004000	0.001000	0.000000	冒泡排序: 正确	选择排序: 正确	快速排序: 正确
2048	0.012000	0.005000	0.000000	冒泡排序: 正确	选择排序: 正确	快速排序: 正确
4096	0.052000	0.016000	0.001000	冒泡排序: 正确	选择排序: 正确	快速排序: 正确
8192	0.208000	0.067000	0.001000	冒泡排序: 正确	选择排序: 正确	快速排序: 正确
16384	0.847000	0.264000	0.002000	冒泡排序: 正确	选择排序: 正确	快速排序: 正确
32768	3.404000	1.053000	0.004000	冒泡排序: 正确	选择排序: 正确	快速排序: 正确
65536	13.683000	4.221000	0.008000	冒泡排序: 正确	选择排序: 正确	快速排序: 正确

双精度浮点型数据(完全顺序)
	冒泡排序	选择排序	快速排序
1024	0.001000	0.001000	0.001000	冒泡排序: 正确	选择排序: 正确	快速排序: 正确
2048	0.006000	0.003000	0.004000	冒泡排序: 正确	选择排序: 正确	快速排序: 正确
4096	0.018000	0.017000	0.016000	冒泡排序: 正确	选择排序: 正确	快速排序: 正确
8192	0.076000	0.067000	0.065000	冒泡排序: 正确	选择排序: 正确	快速排序: 正确
16384	0.297000	0.264000	0.263000	冒泡排序: 正确	选择排序: 正确	快速排序: 正确
32768	1.191000	1.057000	1.048000	冒泡排序: 正确	选择排序: 正确	快速排序: 正确
65536	4.759000	4.240000		冒泡排序: 正确	选择排序: 正确	快速排序：由于递归层次太深，可能导致栈溢出，故跳过。

双精度浮点型数据(完全逆序)
	冒泡排序	选择排序	快速排序
1024	0.002000	0.001000	0.001000	冒泡排序: 正确	选择排序: 正确	快速排序: 正确
2048	0.008000	0.004000	0.004000	冒泡排序: 正确	选择排序: 正确	快速排序: 正确
4096	0.033000	0.017000	0.015000	冒泡排序: 正确	选择排序: 正确	快速排序: 正确
8192	0.138000	0.065000	0.062000	冒泡排序: 正确	选择排序: 正确	快速排序: 正确
16384	0.536000	0.264000	0.251000	冒泡排序: 正确	选择排序: 正确	快速排序: 正确
32768	2.170000	1.040000	0.996000	冒泡排序: 正确	选择排序: 正确	快速排序: 正确
65536	8.739000	4.275000		冒泡排序: 正确	选择排序: 正确	快速排序：由于递归层次太深，可能导致栈溢出，故跳过。

结构体(Score)类型数据 (正态分布)
1024	0.004000	冒泡排序: 正确
	输出部分数据（即总分前若干名的数据）
	 学 号  总分 语 数 外 理 化
	00000167 408 89 78 81 72 88
	00000022 400 78 73 80 91 78
	00000365 399 83 79 81 86 70
	00000328 394 76 87 82 76 73
	00000286 393 82 81 75 77 78
	00000669 392 77 82 89 79 65
	00000192 391 89 80 76 72 74
	00000649 391 91 75 74 70 81
	00000158 390 88 83 76 68 75
	00000380 390 76 82 71 80 81
1024	0.001000	选择排序: 正确
	输出部分数据（即总分前若干名的数据）
	 学 号  总分 语 数 外 理 化
	00000167 408 89 78 81 72 88
	00000022 400 78 73 80 91 78
	00000365 399 83 79 81 86 70
	00000328 394 76 87 82 76 73
	00000286 393 82 81 75 77 78
	00000669 392 77 82 89 79 65
	00000192 391 89 80 76 72 74
	00000649 391 91 75 74 70 81
	00000158 390 88 83 76 68 75
	00000380 390 76 82 71 80 81
1024	0.000000	快速排序: 正确
	输出部分数据（即总分前若干名的数据）
	 学 号  总分 语 数 外 理 化
	00000167 408 89 78 81 72 88
	00000022 400 78 73 80 91 78
	00000365 399 83 79 81 86 70
	00000328 394 76 87 82 76 73
	00000286 393 82 81 75 77 78
	00000669 392 77 82 89 79 65
	00000192 391 89 80 76 72 74
	00000649 391 91 75 74 70 81
	00000941 390 84 78 79 78 71
	00000158 390 88 83 76 68 75
2048	0.016000	冒泡排序: 正确
	输出部分数据（即总分前若干名的数据）
	 学 号  总分 语 数 外 理 化
	00001680 410 83 78 82 79 88
	00001077 405 81 86 77 79 82
	00002026 402 94 73 77 82 76
	00001455 401 85 85 75 75 81
	00001034 400 85 80 84 78 73
	00001476 399 78 79 82 76 84
	00000542 397 81 81 80 81 74
	00000047 396 77 81 78 79 81
	00000377 396 76 85 78 80 77
	00001407 396 77 91 75 78 75
2048	0.006000	选择排序: 正确
	输出部分数据（即总分前若干名的数据）
	 学 号  总分 语 数 外 理 化
	00001680 410 83 78 82 79 88
	00001077 405 81 86 77 79 82
	00002026 402 94 73 77 82 76
	00001455 401 85 85 75 75 81
	00001034 400 85 80 84 78 73
	00001476 399 78 79 82 76 84
	00000542 397 81 81 80 81 74
	00000047 396 77 81 78 79 81
	00000377 396 76 85 78 80 77
	00001407 396 77 91 75 78 75
2048	0.000000	快速排序: 正确
	输出部分数据（即总分前若干名的数据）
	 学 号  总分 语 数 外 理 化
	00001680 410 83 78 82 79 88
	00001077 405 81 86 77 79 82
	00002026 402 94 73 77 82 76
	00001455 401 85 85 75 75 81
	00001034 400 85 80 84 78 73
	00001476 399 78 79 82 76 84
	00000542 397 81 81 80 81 74
	00001407 396 77 91 75 78 75
	00001470 396 81 82 74 74 85
	00000047 396 77 81 78 79 81
4096	0.071000	冒泡排序: 正确
	输出部分数据（即总分前若干名的数据）
	 学 号  总分 语 数 外 理 化
	00001219 414 83 78 81 86 86
	00003497 408 77 85 83 85 78
	00000892 404 76 85 76 86 81
	00001754 400 81 77 87 75 80
	00002258 400 69 89 76 85 81
	00002486 400 70 85 80 88 77
	00002678 400 76 83 86 74 81
	00003124 400 82 71 79 85 83
	00001304 399 76 81 77 86 79
	00002147 398 91 72 85 75 75
4096	0.021000	选择排序: 正确
	输出部分数据（即总分前若干名的数据）
	 学 号  总分 语 数 外 理 化
	00001219 414 83 78 81 86 86
	00003497 408 77 85 83 85 78
	00000892 404 76 85 76 86 81
	00001754 400 81 77 87 75 80
	00002258 400 69 89 76 85 81
	00002486 400 70 85 80 88 77
	00002678 400 76 83 86 74 81
	00003124 400 82 71 79 85 83
	00001304 399 76 81 77 86 79
	00002147 398 91 72 85 75 75
4096	0.001000	快速排序: 正确
	输出部分数据（即总分前若干名的数据）
	 学 号  总分 语 数 外 理 化
	00001219 414 83 78 81 86 86
	00003497 408 77 85 83 85 78
	00000892 404 76 85 76 86 81
	00003124 400 82 71 79 85 83
	00002486 400 70 85 80 88 77
	00001754 400 81 77 87 75 80
	00002678 400 76 83 86 74 81
	00002258 400 69 89 76 85 81
	00001304 399 76 81 77 86 79
	00003823 398 70 81 86 81 80
8192	0.292000	冒泡排序: 正确
	输出部分数据（即总分前若干名的数据）
	 学 号  总分 语 数 外 理 化
	00000148 417 78 83 89 81 86
	00005110 409 81 73 87 90 78
	00001147 408 88 82 81 80 77
	00000191 406 80 85 81 75 85
	00002751 403 91 79 84 73 76
	00003000 402 86 80 74 85 77
	00007520 402 84 83 76 83 76
	00000472 401 80 85 77 80 79
	00007524 401 82 80 78 81 80
	00000983 400 88 83 74 66 89
8192	0.074000	选择排序: 正确
	输出部分数据（即总分前若干名的数据）
	 学 号  总分 语 数 外 理 化
	00000148 417 78 83 89 81 86
	00005110 409 81 73 87 90 78
	00001147 408 88 82 81 80 77
	00000191 406 80 85 81 75 85
	00002751 403 91 79 84 73 76
	00003000 402 86 80 74 85 77
	00007520 402 84 83 76 83 76
	00000472 401 80 85 77 80 79
	00007524 401 82 80 78 81 80
	00000983 400 88 83 74 66 89
8192	0.001000	快速排序: 正确
	输出部分数据（即总分前若干名的数据）
	 学 号  总分 语 数 外 理 化
	00000148 417 78 83 89 81 86
	00005110 409 81 73 87 90 78
	00001147 408 88 82 81 80 77
	00000191 406 80 85 81 75 85
	00002751 403 91 79 84 73 76
	00007520 402 84 83 76 83 76
	00003000 402 86 80 74 85 77
	00000472 401 80 85 77 80 79
	00007524 401 82 80 78 81 80
	00005648 400 92 75 76 77 80
16384	1.333000	冒泡排序: 正确
	输出部分数据（即总分前若干名的数据）
	 学 号  总分 语 数 外 理 化
	00007329 412 86 77 76 89 84
	00012961 409 84 81 80 85 79
	00002165 408 89 88 78 87 66
	00004277 408 86 85 77 84 76
	00001280 407 74 84 76 87 86
	00012283 406 85 78 82 74 87
	00012420 406 84 85 76 73 88
	00015658 406 84 79 83 88 72
	00007807 405 76 80 76 83 90
	00013361 405 84 82 80 75 84
16384	0.295000	选择排序: 正确
	输出部分数据（即总分前若干名的数据）
	 学 号  总分 语 数 外 理 化
	00007329 412 86 77 76 89 84
	00012961 409 84 81 80 85 79
	00002165 408 89 88 78 87 66
	00004277 408 86 85 77 84 76
	00001280 407 74 84 76 87 86
	00012283 406 85 78 82 74 87
	00012420 406 84 85 76 73 88
	00015658 406 84 79 83 88 72
	00007807 405 76 80 76 83 90
	00013361 405 84 82 80 75 84
16384	0.006000	快速排序: 正确
	输出部分数据（即总分前若干名的数据）
	 学 号  总分 语 数 外 理 化
	00007329 412 86 77 76 89 84
	00012961 409 84 81 80 85 79
	00002165 408 89 88 78 87 66
	00004277 408 86 85 77 84 76
	00001280 407 74 84 76 87 86
	00015658 406 84 79 83 88 72
	00012283 406 85 78 82 74 87
	00012420 406 84 85 76 73 88
	00013361 405 84 82 80 75 84
	00007807 405 76 80 76 83 90
32768	5.070000	冒泡排序: 正确
	输出部分数据（即总分前若干名的数据）
	 学 号  总分 语 数 外 理 化
	00020028 421 89 83 83 95 71
	00026721 416 82 81 88 83 82
	00026983 414 81 79 86 74 94
	00013961 411 82 78 89 71 91
	00025638 410 83 80 80 81 86
	00025653 409 84 82 74 89 80
	00028329 408 77 87 86 77 81
	00032450 408 88 79 80 84 77
	00012847 407 84 86 84 75 78
	00027059 407 86 87 78 82 74
32768	1.240000	选择排序: 正确
	输出部分数据（即总分前若干名的数据）
	 学 号  总分 语 数 外 理 化
	00020028 421 89 83 83 95 71
	00026721 416 82 81 88 83 82
	00026983 414 81 79 86 74 94
	00013961 411 82 78 89 71 91
	00025638 410 83 80 80 81 86
	00025653 409 84 82 74 89 80
	00028329 408 77 87 86 77 81
	00032450 408 88 79 80 84 77
	00012847 407 84 86 84 75 78
	00027059 407 86 87 78 82 74
32768	0.025000	快速排序: 正确
	输出部分数据（即总分前若干名的数据）
	 学 号  总分 语 数 外 理 化
	00020028 421 89 83 83 95 71
	00026721 416 82 81 88 83 82
	00026983 414 81 79 86 74 94
	00013961 411 82 78 89 71 91
	00025638 410 83 80 80 81 86
	00025653 409 84 82 74 89 80
	00028329 408 77 87 86 77 81
	00032450 408 88 79 80 84 77
	00012847 407 84 86 84 75 78
	00027059 407 86 87 78 82 74
65536	20.766000	冒泡排序: 正确
	输出部分数据（即总分前若干名的数据）
	 学 号  总分 语 数 外 理 化
	00026450 420 96 80 78 88 78
	00058628 416 82 83 79 88 84
	00000057 415 78 85 82 87 83
	00060780 412 80 92 84 74 82
	00033680 411 80 74 80 90 87
	00043931 410 85 84 77 84 80
	00049705 410 79 90 80 72 89
	00008333 409 85 82 84 75 83
	00011054 409 90 83 75 89 72
	00059493 409 88 83 82 84 72
65536	4.829000	选择排序: 正确
	输出部分数据（即总分前若干名的数据）
	 学 号  总分 语 数 外 理 化
	00026450 420 96 80 78 88 78
	00058628 416 82 83 79 88 84
	00000057 415 78 85 82 87 83
	00060780 412 80 92 84 74 82
	00033680 411 80 74 80 90 87
	00043931 410 85 84 77 84 80
	00049705 410 79 90 80 72 89
	00008333 409 85 82 84 75 83
	00011054 409 90 83 75 89 72
	00059493 409 88 83 82 84 72
65536	0.086000	快速排序: 正确
	输出部分数据（即总分前若干名的数据）
	 学 号  总分 语 数 外 理 化
	00026450 420 96 80 78 88 78
	00058628 416 82 83 79 88 84
	00000057 415 78 85 82 87 83
	00060780 412 80 92 84 74 82
	00033680 411 80 74 80 90 87
	00049705 410 79 90 80 72 89
	00043931 410 85 84 77 84 80
	00008333 409 85 82 84 75 83
	00011054 409 90 83 75 89 72
	00059493 409 88 83 82 84 72

	*** 多种不同存储方式的C-字符串数组的排序 ***

原始数据:  enter, number, size, begin, of, cat, case, program, certain, a, cake, side
请完成函数 BubbleA 的定义，执行排序操作。
排序结果:  enter, number, size, begin, of, cat, case, program, certain, a, cake, side

原始数据:  enter, number, size, begin, of, cat, case, program, certain, an, cake, side
请完成函数 BubbleB 的定义，执行排序操作。
排序结果:  enter, number, size, begin, of, cat, case, program, certain, an, cake, side

原始数据:  enter, number, size, begin, of, cat, case, program, certain, a, cake, side
请完成函数 BubbleB 的定义，执行排序操作。
排序结果:  enter, number, size, begin, of, cat, case, program, certain, a, cake, side

原始数据:  enter, number, size, begin, of, cat, case, program, certain, an, cake, side
请完成函数 BubbleB 的定义，执行排序操作。
排序结果:  enter, number, size, begin, of, cat, case, program, certain, an, cake, side
当前时间: 15:12:46.90
输入新时间: 
