当前日期: 2021/06/24 周四 
输入新日期: (年月日) 
当前时间: 14:53:05.23
输入新时间: 

整型数据(正态分布)
	冒泡排序	选择排序	快速排序
1024	0.000000	0.000000	0.000000	冒泡排序: 正确	选择排序: 正确	快速排序: 正确
2048	0.000000	0.002000	0.000000	冒泡排序: 正确	选择排序: 正确	快速排序: 正确
4096	0.011000	0.008000	0.000000	冒泡排序: 正确	选择排序: 正确	快速排序: 正确
8192	0.066000	0.033000	0.000000	冒泡排序: 正确	选择排序: 正确	快速排序: 正确
16384	0.310000	0.126000	0.002000	冒泡排序: 正确	选择排序: 正确	快速排序: 正确
32768	1.320000	0.494000	0.009000	冒泡排序: 正确	选择排序: 正确	快速排序: 正确
65536	5.410000	1.978000	0.031000	冒泡排序: 正确	选择排序: 正确	快速排序: 正确

整型数据(均匀分布)
	冒泡排序	选择排序	快速排序
1024	0.002000	0.000000	0.000000	冒泡排序: 正确	选择排序: 正确	快速排序: 正确
2048	0.003000	0.001000	0.000000	冒泡排序: 正确	选择排序: 正确	快速排序: 正确
4096	0.020000	0.009000	0.001000	冒泡排序: 正确	选择排序: 正确	快速排序: 正确
8192	0.065000	0.033000	0.000000	冒泡排序: 正确	选择排序: 正确	快速排序: 正确
16384	0.301000	0.125000	0.001000	冒泡排序: 正确	选择排序: 正确	快速排序: 正确
32768	1.314000	0.498000	0.006000	冒泡排序: 正确	选择排序: 正确	快速排序: 正确
65536	5.473000	1.995000	0.018000	冒泡排序: 正确	选择排序: 正确	快速排序: 正确

整型数据(完全顺序)
	冒泡排序	选择排序	快速排序
1024	0.000000	0.001000	0.000000	冒泡排序: 正确	选择排序: 正确	快速排序: 正确
2048	0.001000	0.002000	0.001000	冒泡排序: 正确	选择排序: 正确	快速排序: 正确
4096	0.005000	0.008000	0.002000	冒泡排序: 正确	选择排序: 正确	快速排序: 正确
8192	0.019000	0.032000	0.011000	冒泡排序: 正确	选择排序: 正确	快速排序: 正确
16384	0.072000	0.130000	0.046000	冒泡排序: 正确	选择排序: 正确	快速排序: 正确
32768	0.289000	0.522000	0.181000	冒泡排序: 正确	选择排序: 正确	快速排序: 正确
65536	1.164000	2.082000		冒泡排序: 正确	选择排序: 正确	快速排序：由于递归层次太深，可能导致栈溢出，故跳过。

整型数据(完全逆序)
	冒泡排序	选择排序	快速排序
1024	0.001000	0.000000	0.000000	冒泡排序: 正确	选择排序: 正确	快速排序: 正确
2048	0.003000	0.002000	0.000000	冒泡排序: 正确	选择排序: 正确	快速排序: 正确
4096	0.010000	0.007000	0.003000	冒泡排序: 正确	选择排序: 正确	快速排序: 正确
8192	0.042000	0.024000	0.012000	冒泡排序: 正确	选择排序: 正确	快速排序: 正确
16384	0.169000	0.092000	0.047000	冒泡排序: 正确	选择排序: 正确	快速排序: 正确
32768	0.677000	0.374000	0.190000	冒泡排序: 正确	选择排序: 正确	快速排序: 正确
65536	2.709000	1.537000		冒泡排序: 正确	选择排序: 正确	快速排序：由于递归层次太深，可能导致栈溢出，故跳过。

双精度浮点型数据(正态分布)
	冒泡排序	选择排序	快速排序
1024	0.001000	0.001000	0.000000	冒泡排序: 正确	选择排序: 正确	快速排序: 正确
2048	0.004000	0.002000	0.001000	冒泡排序: 正确	选择排序: 正确	快速排序: 正确
4096	0.021000	0.008000	0.000000	冒泡排序: 正确	选择排序: 正确	快速排序: 正确
8192	0.109000	0.033000	0.001000	冒泡排序: 正确	选择排序: 正确	快速排序: 正确
16384	0.513000	0.134000	0.001000	冒泡排序: 正确	选择排序: 正确	快速排序: 正确
32768	2.256000	0.537000	0.003000	冒泡排序: 正确	选择排序: 正确	快速排序: 正确
65536	9.485000	2.157000	0.006000	冒泡排序: 正确	选择排序: 正确	快速排序: 正确

双精度浮点型数据(均匀分布)
	冒泡排序	选择排序	快速排序
1024	0.001000	0.001000	0.000000	冒泡排序: 正确	选择排序: 正确	快速排序: 正确
2048	0.005000	0.002000	0.000000	冒泡排序: 正确	选择排序: 正确	快速排序: 正确
4096	0.024000	0.009000	0.000000	冒泡排序: 正确	选择排序: 正确	快速排序: 正确
8192	0.116000	0.035000	0.000000	冒泡排序: 正确	选择排序: 正确	快速排序: 正确
16384	0.525000	0.133000	0.001000	冒泡排序: 正确	选择排序: 正确	快速排序: 正确
32768	2.281000	0.549000	0.003000	冒泡排序: 正确	选择排序: 正确	快速排序: 正确
65536	9.685000	2.289000	0.006000	冒泡排序: 正确	选择排序: 正确	快速排序: 正确

双精度浮点型数据(完全顺序)
	冒泡排序	选择排序	快速排序
1024	0.001000	0.001000	0.000000	冒泡排序: 正确	选择排序: 正确	快速排序: 正确
2048	0.005000	0.002000	0.003000	冒泡排序: 正确	选择排序: 正确	快速排序: 正确
4096	0.018000	0.010000	0.010000	冒泡排序: 正确	选择排序: 正确	快速排序: 正确
8192	0.071000	0.038000	0.041000	冒泡排序: 正确	选择排序: 正确	快速排序: 正确
16384	0.277000	0.144000	0.155000	冒泡排序: 正确	选择排序: 正确	快速排序: 正确
32768	1.079000	0.570000	0.610000	冒泡排序: 正确	选择排序: 正确	快速排序: 正确
65536	4.390000	2.227000		冒泡排序: 正确	选择排序: 正确	快速排序：由于递归层次太深，可能导致栈溢出，故跳过。

双精度浮点型数据(完全逆序)
	冒泡排序	选择排序	快速排序
1024	0.001000	0.001000	0.000000	冒泡排序: 正确	选择排序: 正确	快速排序: 正确
2048	0.004000	0.002000	0.003000	冒泡排序: 正确	选择排序: 正确	快速排序: 正确
4096	0.014000	0.009000	0.009000	冒泡排序: 正确	选择排序: 正确	快速排序: 正确
8192	0.060000	0.038000	0.035000	冒泡排序: 正确	选择排序: 正确	快速排序: 正确
16384	0.232000	0.149000	0.135000	冒泡排序: 正确	选择排序: 正确	快速排序: 正确
32768	0.945000	0.593000	0.532000	冒泡排序: 正确	选择排序: 正确	快速排序: 正确
65536	3.864000	2.332000		冒泡排序: 正确	选择排序: 正确	快速排序：由于递归层次太深，可能导致栈溢出，故跳过。

结构体(Score)类型数据 (正态分布)
1024	0.002000	冒泡排序: 正确
	输出部分数据（即总分前若干名的数据）
	 学 号  总分 语 数 外 理 化
	00000327 403 81 84 75 79 84
	00000172 401 83 77 87 76 78
	00000391 398 81 77 76 77 87
	00000816 394 78 73 77 83 83
	00000778 393 77 86 79 82 69
	00000054 392 76 81 78 78 79
	00000181 391 73 83 81 79 75
	00000425 391 72 74 82 83 80
	00000512 391 70 80 78 82 81
	00000593 391 80 81 73 80 77
1024	0.001000	选择排序: 正确
	输出部分数据（即总分前若干名的数据）
	 学 号  总分 语 数 外 理 化
	00000327 403 81 84 75 79 84
	00000172 401 83 77 87 76 78
	00000391 398 81 77 76 77 87
	00000816 394 78 73 77 83 83
	00000778 393 77 86 79 82 69
	00000054 392 76 81 78 78 79
	00000181 391 73 83 81 79 75
	00000425 391 72 74 82 83 80
	00000512 391 70 80 78 82 81
	00000593 391 80 81 73 80 77
1024	0.000000	快速排序: 正确
	输出部分数据（即总分前若干名的数据）
	 学 号  总分 语 数 外 理 化
	00000327 403 81 84 75 79 84
	00000172 401 83 77 87 76 78
	00000391 398 81 77 76 77 87
	00000816 394 78 73 77 83 83
	00000778 393 77 86 79 82 69
	00000054 392 76 81 78 78 79
	00000425 391 72 74 82 83 80
	00000181 391 73 83 81 79 75
	00000512 391 70 80 78 82 81
	00000593 391 80 81 73 80 77
2048	0.009000	冒泡排序: 正确
	输出部分数据（即总分前若干名的数据）
	 学 号  总分 语 数 外 理 化
	00000760 402 71 80 83 84 84
	00001222 401 86 73 74 79 89
	00001425 400 81 78 75 79 87
	00001098 399 86 89 71 70 83
	00001665 398 89 82 80 72 75
	00000086 397 84 79 78 77 79
	00000869 397 81 74 82 80 80
	00000419 396 83 77 74 79 83
	00000246 395 81 79 77 76 82
	00000596 395 83 73 79 83 77
2048	0.002000	选择排序: 正确
	输出部分数据（即总分前若干名的数据）
	 学 号  总分 语 数 外 理 化
	00000760 402 71 80 83 84 84
	00001222 401 86 73 74 79 89
	00001425 400 81 78 75 79 87
	00001098 399 86 89 71 70 83
	00001665 398 89 82 80 72 75
	00000086 397 84 79 78 77 79
	00000869 397 81 74 82 80 80
	00000419 396 83 77 74 79 83
	00000246 395 81 79 77 76 82
	00000596 395 83 73 79 83 77
2048	0.000000	快速排序: 正确
	输出部分数据（即总分前若干名的数据）
	 学 号  总分 语 数 外 理 化
	00000760 402 71 80 83 84 84
	00001222 401 86 73 74 79 89
	00001425 400 81 78 75 79 87
	00001098 399 86 89 71 70 83
	00001665 398 89 82 80 72 75
	00000086 397 84 79 78 77 79
	00000869 397 81 74 82 80 80
	00000419 396 83 77 74 79 83
	00000596 395 83 73 79 83 77
	00000246 395 81 79 77 76 82
4096	0.038000	冒泡排序: 正确
	输出部分数据（即总分前若干名的数据）
	 学 号  总分 语 数 外 理 化
	00000860 412 81 79 78 88 86
	00003168 406 80 77 79 85 85
	00003954 402 77 84 72 90 79
	00001317 400 76 83 70 87 84
	00003887 399 81 77 75 88 78
	00000337 398 72 73 88 75 90
	00001672 398 90 82 72 70 84
	00000922 397 78 86 75 75 83
	00001003 397 73 78 79 89 78
	00001830 397 74 78 78 89 78
4096	0.008000	选择排序: 正确
	输出部分数据（即总分前若干名的数据）
	 学 号  总分 语 数 外 理 化
	00000860 412 81 79 78 88 86
	00003168 406 80 77 79 85 85
	00003954 402 77 84 72 90 79
	00001317 400 76 83 70 87 84
	00003887 399 81 77 75 88 78
	00000337 398 72 73 88 75 90
	00001672 398 90 82 72 70 84
	00000922 397 78 86 75 75 83
	00001003 397 73 78 79 89 78
	00001830 397 74 78 78 89 78
4096	0.001000	快速排序: 正确
	输出部分数据（即总分前若干名的数据）
	 学 号  总分 语 数 外 理 化
	00000860 412 81 79 78 88 86
	00003168 406 80 77 79 85 85
	00003954 402 77 84 72 90 79
	00001317 400 76 83 70 87 84
	00003887 399 81 77 75 88 78
	00001672 398 90 82 72 70 84
	00000337 398 72 73 88 75 90
	00002428 397 89 78 79 74 77
	00001830 397 74 78 78 89 78
	00000922 397 78 86 75 75 83
8192	0.171000	冒泡排序: 正确
	输出部分数据（即总分前若干名的数据）
	 学 号  总分 语 数 外 理 化
	00000245 405 88 81 83 72 81
	00001825 403 83 77 74 84 85
	00002076 403 81 81 85 78 78
	00005038 403 76 77 87 83 80
	00000587 402 83 86 75 77 81
	00001493 402 87 78 77 77 83
	00008066 402 86 83 75 72 86
	00001287 400 84 76 80 80 80
	00002103 400 79 73 81 84 83
	00006379 400 80 84 76 82 78
8192	0.029000	选择排序: 正确
	输出部分数据（即总分前若干名的数据）
	 学 号  总分 语 数 外 理 化
	00000245 405 88 81 83 72 81
	00001825 403 83 77 74 84 85
	00002076 403 81 81 85 78 78
	00005038 403 76 77 87 83 80
	00000587 402 83 86 75 77 81
	00001493 402 87 78 77 77 83
	00008066 402 86 83 75 72 86
	00001287 400 84 76 80 80 80
	00002103 400 79 73 81 84 83
	00006379 400 80 84 76 82 78
8192	0.001000	快速排序: 正确
	输出部分数据（即总分前若干名的数据）
	 学 号  总分 语 数 外 理 化
	00000245 405 88 81 83 72 81
	00002076 403 81 81 85 78 78
	00001825 403 83 77 74 84 85
	00005038 403 76 77 87 83 80
	00001493 402 87 78 77 77 83
	00000587 402 83 86 75 77 81
	00008066 402 86 83 75 72 86
	00001287 400 84 76 80 80 80
	00006379 400 80 84 76 82 78
	00002103 400 79 73 81 84 83
16384	0.741000	冒泡排序: 正确
	输出部分数据（即总分前若干名的数据）
	 学 号  总分 语 数 外 理 化
	00010140 410 87 85 74 82 82
	00010609 410 96 84 76 78 76
	00000839 409 80 74 82 85 88
	00000677 408 81 78 88 73 88
	00010764 407 90 81 76 79 81
	00011967 407 84 81 72 85 85
	00012434 407 83 79 80 81 84
	00015195 407 84 79 75 86 83
	00011971 406 88 85 80 72 81
	00013479 406 79 74 86 85 82
16384	0.120000	选择排序: 正确
	输出部分数据（即总分前若干名的数据）
	 学 号  总分 语 数 外 理 化
	00010140 410 87 85 74 82 82
	00010609 410 96 84 76 78 76
	00000839 409 80 74 82 85 88
	00000677 408 81 78 88 73 88
	00010764 407 90 81 76 79 81
	00011967 407 84 81 72 85 85
	00012434 407 83 79 80 81 84
	00015195 407 84 79 75 86 83
	00011971 406 88 85 80 72 81
	00013479 406 79 74 86 85 82
16384	0.005000	快速排序: 正确
	输出部分数据（即总分前若干名的数据）
	 学 号  总分 语 数 外 理 化
	00010609 410 96 84 76 78 76
	00010140 410 87 85 74 82 82
	00000839 409 80 74 82 85 88
	00000677 408 81 78 88 73 88
	00010764 407 90 81 76 79 81
	00012434 407 83 79 80 81 84
	00011967 407 84 81 72 85 85
	00015195 407 84 79 75 86 83
	00011971 406 88 85 80 72 81
	00013479 406 79 74 86 85 82
32768	3.189000	冒泡排序: 正确
	输出部分数据（即总分前若干名的数据）
	 学 号  总分 语 数 外 理 化
	00004857 411 79 89 83 80 80
	00021053 408 79 79 86 78 86
	00029021 408 87 82 80 88 71
	00010869 407 82 78 80 80 87
	00013696 407 88 84 87 71 77
	00027869 407 76 86 83 87 75
	00013423 406 78 74 79 89 86
	00019396 406 84 78 82 81 81
	00022948 406 80 77 81 83 85
	00001830 405 82 84 83 83 73
32768	0.514000	选择排序: 正确
	输出部分数据（即总分前若干名的数据）
	 学 号  总分 语 数 外 理 化
	00004857 411 79 89 83 80 80
	00021053 408 79 79 86 78 86
	00029021 408 87 82 80 88 71
	00010869 407 82 78 80 80 87
	00013696 407 88 84 87 71 77
	00027869 407 76 86 83 87 75
	00013423 406 78 74 79 89 86
	00019396 406 84 78 82 81 81
	00022948 406 80 77 81 83 85
	00001830 405 82 84 83 83 73
32768	0.020000	快速排序: 正确
	输出部分数据（即总分前若干名的数据）
	 学 号  总分 语 数 外 理 化
	00004857 411 79 89 83 80 80
	00029021 408 87 82 80 88 71
	00021053 408 79 79 86 78 86
	00027869 407 76 86 83 87 75
	00013696 407 88 84 87 71 77
	00010869 407 82 78 80 80 87
	00022948 406 80 77 81 83 85
	00013423 406 78 74 79 89 86
	00019396 406 84 78 82 81 81
	00007030 405 77 79 84 85 80
65536	14.665000	冒泡排序: 正确
	输出部分数据（即总分前若干名的数据）
	 学 号  总分 语 数 外 理 化
	00062007 417 89 82 85 87 74
	00024492 413 89 76 81 85 82
	00050650 413 84 76 91 78 84
	00043941 411 79 83 74 88 87
	00050561 411 84 78 79 83 87
	00030173 410 85 79 81 89 76
	00053233 410 83 84 77 85 81
	00060969 410 79 84 82 76 89
	00062858 408 86 87 79 77 79
	00033333 407 82 86 75 86 78
65536	2.038000	选择排序: 正确
	输出部分数据（即总分前若干名的数据）
	 学 号  总分 语 数 外 理 化
	00062007 417 89 82 85 87 74
	00024492 413 89 76 81 85 82
	00050650 413 84 76 91 78 84
	00043941 411 79 83 74 88 87
	00050561 411 84 78 79 83 87
	00030173 410 85 79 81 89 76
	00053233 410 83 84 77 85 81
	00060969 410 79 84 82 76 89
	00062858 408 86 87 79 77 79
	00033333 407 82 86 75 86 78
65536	0.077000	快速排序: 正确
	输出部分数据（即总分前若干名的数据）
	 学 号  总分 语 数 外 理 化
	00062007 417 89 82 85 87 74
	00024492 413 89 76 81 85 82
	00050650 413 84 76 91 78 84
	00050561 411 84 78 79 83 87
	00043941 411 79 83 74 88 87
	00060969 410 79 84 82 76 89
	00030173 410 85 79 81 89 76
	00053233 410 83 84 77 85 81
	00062858 408 86 87 79 77 79
	00049968 407 89 85 69 82 82

	*** 多种不同存储方式的C-字符串数组的排序 ***

原始数据:  enter, number, size, begin, of, cat, case, program, certain, a, cake, side
请完成函数 BubbleA 的定义，执行排序操作。
排序结果:  enter, number, size, begin, of, cat, case, program, certain, a, cake, side

原始数据:  enter, number, size, begin, of, cat, case, program, certain, an, cake, side
请完成函数 BubbleB 的定义，执行排序操作。
排序结果:  enter, number, size, begin, of, cat, case, program, certain, an, cake, side

原始数据:  enter, number, size, begin, of, cat, case, program, certain, a, cake, side
请完成函数 BubbleB 的定义，执行排序操作。
排序结果:  enter, number, size, begin, of, cat, case, program, certain, a, cake, side

原始数据:  enter, number, size, begin, of, cat, case, program, certain, an, cake, side
请完成函数 BubbleB 的定义，执行排序操作。
排序结果:  enter, number, size, begin, of, cat, case, program, certain, an, cake, side
当前时间: 14:54:46.85
输入新时间: 

整型数据(正态分布)
	冒泡排序	选择排序	快速排序
1024	0.000000	0.000000	0.000000	冒泡排序: 正确	选择排序: 正确	快速排序: 正确
2048	0.002000	0.002000	0.000000	冒泡排序: 正确	选择排序: 正确	快速排序: 正确
4096	0.012000	0.008000	0.000000	冒泡排序: 正确	选择排序: 正确	快速排序: 正确
8192	0.065000	0.034000	0.001000	冒泡排序: 正确	选择排序: 正确	快速排序: 正确
16384	0.312000	0.132000	0.003000	冒泡排序: 正确	选择排序: 正确	快速排序: 正确
32768	1.371000	0.531000	0.008000	冒泡排序: 正确	选择排序: 正确	快速排序: 正确
65536	5.683000	2.068000	0.034000	冒泡排序: 正确	选择排序: 正确	快速排序: 正确

整型数据(均匀分布)
	冒泡排序	选择排序	快速排序
1024	0.000000	0.001000	0.000000	冒泡排序: 正确	选择排序: 正确	快速排序: 正确
2048	0.002000	0.003000	0.000000	冒泡排序: 正确	选择排序: 正确	快速排序: 正确
4096	0.011000	0.009000	0.000000	冒泡排序: 正确	选择排序: 正确	快速排序: 正确
8192	0.066000	0.034000	0.000000	冒泡排序: 正确	选择排序: 正确	快速排序: 正确
16384	0.306000	0.128000	0.002000	冒泡排序: 正确	选择排序: 正确	快速排序: 正确
32768	1.361000	0.518000	0.006000	冒泡排序: 正确	选择排序: 正确	快速排序: 正确
65536	5.710000	2.222000	0.020000	冒泡排序: 正确	选择排序: 正确	快速排序: 正确

整型数据(完全顺序)
	冒泡排序	选择排序	快速排序
1024	0.000000	0.001000	0.000000	冒泡排序: 正确	选择排序: 正确	快速排序: 正确
2048	0.001000	0.002000	0.001000	冒泡排序: 正确	选择排序: 正确	快速排序: 正确
4096	0.005000	0.008000	0.004000	冒泡排序: 正确	选择排序: 正确	快速排序: 正确
8192	0.019000	0.034000	0.012000	冒泡排序: 正确	选择排序: 正确	快速排序: 正确
16384	0.077000	0.137000	0.048000	冒泡排序: 正确	选择排序: 正确	快速排序: 正确
32768	0.309000	0.550000	0.196000	冒泡排序: 正确	选择排序: 正确	快速排序: 正确
65536	1.259000	2.305000		冒泡排序: 正确	选择排序: 正确	快速排序：由于递归层次太深，可能导致栈溢出，故跳过。

整型数据(完全逆序)
	冒泡排序	选择排序	快速排序
1024	0.001000	0.000000	0.001000	冒泡排序: 正确	选择排序: 正确	快速排序: 正确
2048	0.003000	0.001000	0.001000	冒泡排序: 正确	选择排序: 正确	快速排序: 正确
4096	0.011000	0.007000	0.003000	冒泡排序: 正确	选择排序: 正确	快速排序: 正确
8192	0.045000	0.026000	0.013000	冒泡排序: 正确	选择排序: 正确	快速排序: 正确
16384	0.183000	0.102000	0.051000	冒泡排序: 正确	选择排序: 正确	快速排序: 正确
32768	0.722000	0.397000	0.204000	冒泡排序: 正确	选择排序: 正确	快速排序: 正确
65536	2.945000	1.831000		冒泡排序: 正确	选择排序: 正确	快速排序：由于递归层次太深，可能导致栈溢出，故跳过。

双精度浮点型数据(正态分布)
	冒泡排序	选择排序	快速排序
1024	0.002000	0.000000	0.000000	冒泡排序: 正确	选择排序: 正确	快速排序: 正确
2048	0.004000	0.002000	0.001000	冒泡排序: 正确	选择排序: 正确	快速排序: 正确
4096	0.022000	0.009000	0.000000	冒泡排序: 正确	选择排序: 正确	快速排序: 正确
8192	0.111000	0.034000	0.001000	冒泡排序: 正确	选择排序: 正确	快速排序: 正确
16384	0.536000	0.138000	0.002000	冒泡排序: 正确	选择排序: 正确	快速排序: 正确
32768	2.320000	0.582000	0.003000	冒泡排序: 正确	选择排序: 正确	快速排序: 正确
65536	9.958000	2.352000	0.006000	冒泡排序: 正确	选择排序: 正确	快速排序: 正确

双精度浮点型数据(均匀分布)
	冒泡排序	选择排序	快速排序
1024	0.001000	0.001000	0.000000	冒泡排序: 正确	选择排序: 正确	快速排序: 正确
2048	0.005000	0.003000	0.000000	冒泡排序: 正确	选择排序: 正确	快速排序: 正确
4096	0.048000	0.013000	0.000000	冒泡排序: 正确	选择排序: 正确	快速排序: 正确
8192	0.152000	0.043000	0.000000	冒泡排序: 正确	选择排序: 正确	快速排序: 正确
16384	0.570000	0.140000	0.001000	冒泡排序: 正确	选择排序: 正确	快速排序: 正确
32768	2.270000	0.541000	0.003000	冒泡排序: 正确	选择排序: 正确	快速排序: 正确
65536	9.738000	2.297000	0.006000	冒泡排序: 正确	选择排序: 正确	快速排序: 正确

双精度浮点型数据(完全顺序)
	冒泡排序	选择排序	快速排序
1024	0.002000	0.000000	0.001000	冒泡排序: 正确	选择排序: 正确	快速排序: 正确
2048	0.005000	0.002000	0.003000	冒泡排序: 正确	选择排序: 正确	快速排序: 正确
4096	0.019000	0.010000	0.011000	冒泡排序: 正确	选择排序: 正确	快速排序: 正确
8192	0.075000	0.041000	0.042000	冒泡排序: 正确	选择排序: 正确	快速排序: 正确
16384	0.296000	0.155000	0.166000	冒泡排序: 正确	选择排序: 正确	快速排序: 正确
32768	1.170000	0.612000	0.658000	冒泡排序: 正确	选择排序: 正确	快速排序: 正确
65536	4.737000	2.575000		冒泡排序: 正确	选择排序: 正确	快速排序：由于递归层次太深，可能导致栈溢出，故跳过。

双精度浮点型数据(完全逆序)
	冒泡排序	选择排序	快速排序
1024	0.001000	0.001000	0.000000	冒泡排序: 正确	选择排序: 正确	快速排序: 正确
2048	0.004000	0.003000	0.002000	冒泡排序: 正确	选择排序: 正确	快速排序: 正确
4096	0.017000	0.010000	0.010000	冒泡排序: 正确	选择排序: 正确	快速排序: 正确
8192	0.066000	0.041000	0.038000	冒泡排序: 正确	选择排序: 正确	快速排序: 正确
16384	0.264000	0.167000	0.154000	冒泡排序: 正确	选择排序: 正确	快速排序: 正确
32768	1.081000	0.671000	0.605000	冒泡排序: 正确	选择排序: 正确	快速排序: 正确
65536	4.592000	2.774000		冒泡排序: 正确	选择排序: 正确	快速排序：由于递归层次太深，可能导致栈溢出，故跳过。

结构体(Score)类型数据 (正态分布)
1024	0.003000	冒泡排序: 正确
	输出部分数据（即总分前若干名的数据）
	 学 号  总分 语 数 外 理 化
	00000645 405 79 79 82 81 84
	00000770 399 80 74 87 77 81
	00000225 398 82 80 79 76 81
	00000339 397 80 78 73 81 85
	00000432 395 81 79 83 82 70
	00000707 395 76 81 81 80 77
	00000449 394 78 82 83 70 81
	00000760 393 84 79 73 77 80
	00001012 393 82 75 81 81 74
	00000122 392 73 91 82 69 77
1024	0.000000	选择排序: 正确
	输出部分数据（即总分前若干名的数据）
	 学 号  总分 语 数 外 理 化
	00000645 405 79 79 82 81 84
	00000770 399 80 74 87 77 81
	00000225 398 82 80 79 76 81
	00000339 397 80 78 73 81 85
	00000432 395 81 79 83 82 70
	00000707 395 76 81 81 80 77
	00000449 394 78 82 83 70 81
	00000760 393 84 79 73 77 80
	00001012 393 82 75 81 81 74
	00000122 392 73 91 82 69 77
1024	0.001000	快速排序: 正确
	输出部分数据（即总分前若干名的数据）
	 学 号  总分 语 数 外 理 化
	00000645 405 79 79 82 81 84
	00000770 399 80 74 87 77 81
	00000225 398 82 80 79 76 81
	00000339 397 80 78 73 81 85
	00000707 395 76 81 81 80 77
	00000432 395 81 79 83 82 70
	00000449 394 78 82 83 70 81
	00000760 393 84 79 73 77 80
	00001012 393 82 75 81 81 74
	00000122 392 73 91 82 69 77
2048	0.011000	冒泡排序: 正确
	输出部分数据（即总分前若干名的数据）
	 学 号  总分 语 数 外 理 化
	00000912 404 84 80 73 75 92
	00001750 402 73 80 80 78 91
	00000456 401 76 72 85 83 85
	00000714 400 78 79 80 81 82
	00000618 399 83 84 76 69 87
	00000402 397 75 77 81 82 82
	00000178 396 81 66 84 89 76
	00000747 396 75 78 87 78 78
	00001339 396 91 70 76 84 75
	00000092 395 77 86 87 64 81
2048	0.002000	选择排序: 正确
	输出部分数据（即总分前若干名的数据）
	 学 号  总分 语 数 外 理 化
	00000912 404 84 80 73 75 92
	00001750 402 73 80 80 78 91
	00000456 401 76 72 85 83 85
	00000714 400 78 79 80 81 82
	00000618 399 83 84 76 69 87
	00000402 397 75 77 81 82 82
	00000178 396 81 66 84 89 76
	00000747 396 75 78 87 78 78
	00001339 396 91 70 76 84 75
	00000092 395 77 86 87 64 81
2048	0.001000	快速排序: 正确
	输出部分数据（即总分前若干名的数据）
	 学 号  总分 语 数 外 理 化
	00000912 404 84 80 73 75 92
	00001750 402 73 80 80 78 91
	00000456 401 76 72 85 83 85
	00000714 400 78 79 80 81 82
	00000618 399 83 84 76 69 87
	00000402 397 75 77 81 82 82
	00000178 396 81 66 84 89 76
	00001339 396 91 70 76 84 75
	00000747 396 75 78 87 78 78
	00001838 395 67 83 79 86 80
4096	0.045000	冒泡排序: 正确
	输出部分数据（即总分前若干名的数据）
	 学 号  总分 语 数 外 理 化
	00001262 410 81 85 88 72 84
	00003616 408 82 68 80 89 89
	00003669 405 82 82 79 78 84
	00003799 405 86 77 82 82 78
	00000880 404 71 85 73 84 91
	00003046 402 80 72 77 90 83
	00003430 402 77 79 81 80 85
	00002652 400 90 79 76 87 68
	00003387 400 71 81 78 88 82
	00001082 397 80 75 80 82 80
4096	0.009000	选择排序: 正确
	输出部分数据（即总分前若干名的数据）
	 学 号  总分 语 数 外 理 化
	00001262 410 81 85 88 72 84
	00003616 408 82 68 80 89 89
	00003669 405 82 82 79 78 84
	00003799 405 86 77 82 82 78
	00000880 404 71 85 73 84 91
	00003046 402 80 72 77 90 83
	00003430 402 77 79 81 80 85
	00002652 400 90 79 76 87 68
	00003387 400 71 81 78 88 82
	00001082 397 80 75 80 82 80
4096	0.000000	快速排序: 正确
	输出部分数据（即总分前若干名的数据）
	 学 号  总分 语 数 外 理 化
	00001262 410 81 85 88 72 84
	00003616 408 82 68 80 89 89
	00003669 405 82 82 79 78 84
	00003799 405 86 77 82 82 78
	00000880 404 71 85 73 84 91
	00003430 402 77 79 81 80 85
	00003046 402 80 72 77 90 83
	00003387 400 71 81 78 88 82
	00002652 400 90 79 76 87 68
	00001082 397 80 75 80 82 80
8192	0.207000	冒泡排序: 正确
	输出部分数据（即总分前若干名的数据）
	 学 号  总分 语 数 外 理 化
	00000908 411 86 79 88 85 73
	00000578 405 85 85 71 84 80
	00002785 404 81 87 78 80 78
	00003142 402 84 75 85 79 79
	00006969 402 89 80 84 72 77
	00000312 401 78 84 85 73 81
	00006012 401 75 77 91 80 78
	00007741 401 85 86 69 81 80
	00000994 400 80 75 87 77 81
	00001250 400 79 81 78 71 91
8192	0.036000	选择排序: 正确
	输出部分数据（即总分前若干名的数据）
	 学 号  总分 语 数 外 理 化
	00000908 411 86 79 88 85 73
	00000578 405 85 85 71 84 80
	00002785 404 81 87 78 80 78
	00003142 402 84 75 85 79 79
	00006969 402 89 80 84 72 77
	00000312 401 78 84 85 73 81
	00006012 401 75 77 91 80 78
	00007741 401 85 86 69 81 80
	00000994 400 80 75 87 77 81
	00001250 400 79 81 78 71 91
8192	0.002000	快速排序: 正确
	输出部分数据（即总分前若干名的数据）
	 学 号  总分 语 数 外 理 化
	00000908 411 86 79 88 85 73
	00000578 405 85 85 71 84 80
	00002785 404 81 87 78 80 78
	00006969 402 89 80 84 72 77
	00003142 402 84 75 85 79 79
	00006012 401 75 77 91 80 78
	00000312 401 78 84 85 73 81
	00007741 401 85 86 69 81 80
	00001250 400 79 81 78 71 91
	00006747 400 84 80 80 73 83
16384	0.919000	冒泡排序: 正确
	输出部分数据（即总分前若干名的数据）
	 学 号  总分 语 数 外 理 化
	00008614 414 86 79 92 79 78
	00005976 408 78 87 78 86 79
	00013137 408 80 86 79 78 85
	00013906 407 74 88 83 83 79
	00000019 405 85 86 77 78 79
	00013840 405 82 81 82 79 81
	00004411 404 83 82 75 87 77
	00007583 404 87 86 77 84 70
	00007515 403 72 94 79 82 76
	00004804 402 79 75 81 88 79
16384	0.150000	选择排序: 正确
	输出部分数据（即总分前若干名的数据）
	 学 号  总分 语 数 外 理 化
	00008614 414 86 79 92 79 78
	00005976 408 78 87 78 86 79
	00013137 408 80 86 79 78 85
	00013906 407 74 88 83 83 79
	00000019 405 85 86 77 78 79
	00013840 405 82 81 82 79 81
	00004411 404 83 82 75 87 77
	00007583 404 87 86 77 84 70
	00007515 403 72 94 79 82 76
	00004804 402 79 75 81 88 79
16384	0.007000	快速排序: 正确
	输出部分数据（即总分前若干名的数据）
	 学 号  总分 语 数 外 理 化
	00008614 414 86 79 92 79 78
	00005976 408 78 87 78 86 79
	00013137 408 80 86 79 78 85
	00013906 407 74 88 83 83 79
	00000019 405 85 86 77 78 79
	00013840 405 82 81 82 79 81
	00007583 404 87 86 77 84 70
	00004411 404 83 82 75 87 77
	00007515 403 72 94 79 82 76
	00007797 402 77 85 80 79 81
32768	4.206000	冒泡排序: 正确
	输出部分数据（即总分前若干名的数据）
	 学 号  总分 语 数 外 理 化
	00017104 412 74 77 91 83 87
	00019105 412 80 82 83 90 77
	00017755 410 78 84 86 84 78
	00011519 409 85 78 83 79 84
	00022011 409 85 85 81 76 82
	00005916 408 86 81 85 75 81
	00010563 408 78 83 88 76 83
	00003498 407 76 81 86 77 87
	00004113 407 82 97 72 75 81
	00018882 406 82 80 85 85 74
32768	0.626000	选择排序: 正确
	输出部分数据（即总分前若干名的数据）
	 学 号  总分 语 数 外 理 化
	00017104 412 74 77 91 83 87
	00019105 412 80 82 83 90 77
	00017755 410 78 84 86 84 78
	00011519 409 85 78 83 79 84
	00022011 409 85 85 81 76 82
	00005916 408 86 81 85 75 81
	00010563 408 78 83 88 76 83
	00003498 407 76 81 86 77 87
	00004113 407 82 97 72 75 81
	00018882 406 82 80 85 85 74
32768	0.025000	快速排序: 正确
	输出部分数据（即总分前若干名的数据）
	 学 号  总分 语 数 外 理 化
	00017104 412 74 77 91 83 87
	00019105 412 80 82 83 90 77
	00017755 410 78 84 86 84 78
	00022011 409 85 85 81 76 82
	00011519 409 85 78 83 79 84
	00005916 408 86 81 85 75 81
	00010563 408 78 83 88 76 83
	00004113 407 82 97 72 75 81
	00003498 407 76 81 86 77 87
	00019326 406 79 85 78 69 95
65536	16.860000	冒泡排序: 正确
	输出部分数据（即总分前若干名的数据）
	 学 号  总分 语 数 外 理 化
	00064032 414 87 90 82 76 79
	00003749 412 80 87 79 84 82
	00050560 412 79 84 86 82 81
	00050763 412 94 82 82 71 83
	00056139 412 85 87 75 82 83
	00056964 412 76 78 82 92 84
	00014186 410 85 83 80 82 80
	00023015 410 82 79 85 73 91
	00030579 410 65 92 86 76 91
	00016274 409 75 79 90 81 84
65536	2.462000	选择排序: 正确
	输出部分数据（即总分前若干名的数据）
	 学 号  总分 语 数 外 理 化
	00064032 414 87 90 82 76 79
	00003749 412 80 87 79 84 82
	00050560 412 79 84 86 82 81
	00050763 412 94 82 82 71 83
	00056139 412 85 87 75 82 83
	00056964 412 76 78 82 92 84
	00014186 410 85 83 80 82 80
	00023015 410 82 79 85 73 91
	00030579 410 65 92 86 76 91
	00016274 409 75 79 90 81 84
65536	0.089000	快速排序: 正确
	输出部分数据（即总分前若干名的数据）
	 学 号  总分 语 数 外 理 化
	00064032 414 87 90 82 76 79
	00003749 412 80 87 79 84 82
	00056964 412 76 78 82 92 84
	00056139 412 85 87 75 82 83
	00050763 412 94 82 82 71 83
	00050560 412 79 84 86 82 81
	00014186 410 85 83 80 82 80
	00023015 410 82 79 85 73 91
	00030579 410 65 92 86 76 91
	00051026 409 73 87 80 85 84

	*** 多种不同存储方式的C-字符串数组的排序 ***

原始数据:  enter, number, size, begin, of, cat, case, program, certain, a, cake, side
请完成函数 BubbleA 的定义，执行排序操作。
排序结果:  enter, number, size, begin, of, cat, case, program, certain, a, cake, side

原始数据:  enter, number, size, begin, of, cat, case, program, certain, an, cake, side
请完成函数 BubbleB 的定义，执行排序操作。
排序结果:  enter, number, size, begin, of, cat, case, program, certain, an, cake, side

原始数据:  enter, number, size, begin, of, cat, case, program, certain, a, cake, side
请完成函数 BubbleB 的定义，执行排序操作。
排序结果:  enter, number, size, begin, of, cat, case, program, certain, a, cake, side

原始数据:  enter, number, size, begin, of, cat, case, program, certain, an, cake, side
请完成函数 BubbleB 的定义，执行排序操作。
排序结果:  enter, number, size, begin, of, cat, case, program, certain, an, cake, side
当前时间: 14:56:37.98
输入新时间: 
